0000000000001011
0000000000001011
0000000000001100
0000000000001101
0000000000001110
0000000000001110
0000000000001111
0000000000010000
0000000000010001
0000000000010010
0000000000010011
0000000000010101
0000000000010110
0000000000010111
0000000000011001
0000000000011010
0000000000011100
0000000000011101
0000000000011111
0000000000100001
0000000000100011
0000000000100101
0000000000100111
0000000000101010
0000000000101100
0000000000101111
0000000000110010
0000000000110101
0000000000111000
0000000000111011
0000000000111111
0000000001000010
0000000001000110
0000000001001011
0000000001001111
0000000001010100
0000000001011001
0000000001011110
0000000001100100
0000000001101010
0000000001110000
0000000001110111
0000000001111110
0000000010000101
0000000010001101
0000000010010110
0000000010011111
0000000010101000
0000000010110010
0000000010111101
0000000011001000
0000000011010100
0000000011100001
0000000011101110
0000000011111100
0000000100001011
0000000100011011
0000000100101100
0000000100111110
0000000101010001
0000000101100101
0000000101111010
0000000110010000
0000000110101000
0000000111000010
0000000111011100
0000000111111001
0000001000010111
0000001000110111
0000001001011000
0000001001111100
0000001010100010
0000001011001010
0000001011110100
0000001100100001
0000001101010001
0000001110000100
0000001110111001
0000001111110010
0000010000101110
0000010001101110
0000010010110001
0000010011111000
0000010101000100
0000010110010100
0000010111101001
0000011001000011
0000011010100011
0000011100001000
0000011101110011
0000011111100100
0000100001011100
0000100011011100
0000100101100010
0000100111110001
0000101010001001
0000101100101001
0000101111010011
0000110010000111
0000110101000110
0000111000010000
0000111011100110
0000111111001001
0001000010111001
0001000110111000
0001001011000101
0001001111100011
0001010100010010
0001011001010011
0001011110100111
0001100100001111
0001101010001100
0001110000100000
0001110111001101
0001111110010010
0010000101110011
0010001101110000
0010010110001011
0010011111000111
0010101000100101
0010110010100110
0010111101001110
0011001000011110
0011010100011001
0011100001000001
0011101110011010
0011111100100101
0100001011100110
