000000000001100100100010
000000000100101101100110
000000000111110110101010
000000001010111111101110
000000001110001000110001
000000010001010001110101
000000010100011010111000
000000010111100011111100
000000011010101100111111
000000011101110110000001
000000100000111111000100
000000100100001000000110
000000100111010001001000
000000101010011010001001
000000101101100011001010
000000110000101100001011
000000110011110101001011
000000110110111110001010
000000111010000111001001
000000111101010000001000
000001000000011001000110
000001000011100010000011
000001000110101011000000
000001001001110011111100
000001001100111100110111
000001010000000101110001
000001010011001110101011
000001010110010111100100
000001011001100000011100
000001011100101001010011
000001011111110010001010
000001100010111010111111
000001100110000011110100
000001101001001100100111
000001101100010101011010
000001101111011110001011
000001110010100110111011
000001110101101111101011
000001111000111000011001
000001111100000001000110
000001111111001001110001
000010000010010010011100
000010000101011011000101
000010001000100011101101
000010001011101100010100
000010001110110100111001
000010010001111101011101
000010010101000110000000
000010011000001110100001
000010011011010111000000
000010011110011111011110
000010100001100111111011
000010100100110000010110
000010100111111000110000
000010101011000001000111
000010101110001001011110
000010110001010001110010
000010110100011010000101
000010110111100010010110
000010111010101010100101
000010111101110010110011
000011000000111010111110
000011000100000011001000
000011000111001011010000
000011001010010011010110
000011001101011011011010
000011010000100011011100
000011010011101011011100
000011010110110011011010
000011011001111011010110
000011011101000011010000
000011100000001011001000
000011100011010010111101
000011100110011010110001
000011101001100010100010
000011101100101010010001
000011101111110001111101
000011110010111001101000
000011110110000001010000
000011111001001000110101
000011111100010000011000
000011111111010111111001
000100000010011111011000
000100000101100110110011
000100001000101110001101
000100001011110101100011
000100001110111100110111
000100010010000100001001
000100010101001011011000
000100011000010010100100
000100011011011001101110
000100011110100000110100
000100100001100111111001
000100100100101110111010
000100100111110101111000
000100101010111100110100
000100101110000011101100
000100110001001010100010
000100110100010001010101
000100110111011000000101
000100111010011110110010
000100111101100101011100
000101000000101100000010
000101000011110010100110
000101000110111001000111
000101001001111111100100
000101001101000101111110
000101010000001100010101
000101010011010010101001
000101010110011000111010
000101011001011111000111
000101011100100101010001
000101011111101011010111
000101100010110001011010
000101100101110111011010
000101101000111101010110
000101101100000011001111
000101101111001001000100
000101110010001110110110
000101110101010100100100
000101111000011010001111
000101111011011111110110
000101111110100101011001
000110000001101010111001
000110000100110000010100
000110000111110101101101
000110001010111011000001
000110001110000000010001
000110010001000101011110
000110010100001010100111
000110010111001111101100
000110011010010100101101
000110011101011001101010
000110100000011110100011
000110100011100011011000
000110100110101000001001
000110101001101100110110
000110101100110001011111
000110101111110110000100
000110110010111010100100
000110110101111111000001
000110111001000011011001
000110111100000111101101
000110111111001011111100
000111000010010000001000
000111000101010100001110
000111001000011000010001
000111001011011100001111
000111001110100000001001
000111010001100011111110
000111010100100111101111
000111010111101011011011
000111011010101111000011
000111011101110010100110
000111100000110110000101
000111100011111001011111
000111100110111100110100
000111101010000000000101
000111101101000011010001
000111110000000110011000
000111110011001001011010
000111110110001100011000
000111111001001111010000
000111111100010010000100
000111111111010100110011
001000000010010111011101
001000000101011010000010
001000001000011100100010
001000001011011110111101
001000001110100001010011
001000010001100011100100
001000010100100101110000
001000010111100111110110
001000011010101001111000
001000011101101011110100
001000100000101101101011
001000100011101111011101
001000100110110001001010
001000101001110010110001
001000101100110100010011
001000101111110101101111
001000110010110111000110
001000110101111000011000
001000111000111001100100
001000111011111010101011
001000111110111011101100
001001000001111100101000
001001000100111101011110
001001000111111110001111
001001001010111110111010
001001001101111111011111
001001010000111111111111
001001010100000000011001
001001010111000000101101
001001011010000000111011
001001011101000001000100
001001100000000001000110
001001100011000001000011
001001100110000000111010
001001101001000000101011
001001101100000000010110
001001101110111111111011
001001110001111111011011
001001110100111110110100
001001110111111110000111
001001111010111101010100
001001111101111100011010
001010000000111011011011
001010000011111010010110
001010000110111001001010
001010001001110111111000
001010001100110110100000
001010001111110101000001
001010010010110011011100
001010010101110001110001
001010011000110000000000
001010011011101110001000
001010011110101100001001
001010100001101010000100
001010100100100111111001
001010100111100101100111
001010101010100011001111
001010101101100000110000
001010110000011110001010
001010110011011011011110
001010110110011000101011
001010111001010101110001
001010111100010010110001
001010111111001111101010
001011000010001100011100
001011000101001001001000
001011001000000101101100
001011001011000010001010
001011001101111110100000
001011010000111010110000
001011010011110110111001
001011010110110010111011
001011011001101110110110
001011011100101010101010
001011011111100110010111
001011100010100001111100
001011100101011101011011
001011101000011000110010
001011101011010100000011
001011101110001111001100
001011110001001010001110
001011110100000101001000
001011110110111111111011
001011111001111010100111
001011111100110101001100
001011111111101111101001
001100000010101001111111
001100000101100100001110
001100001000011110010101
001100001011011000010100
001100001110010010001100
001100010001001011111101
001100010100000101100101
001100010110111111000111
001100011001111000100000
001100011100110001110010
001100011111101010111101
001100100010100011111111
001100100101011100111010
001100101000010101101101
001100101011001110011001
001100101110000110111100
001100110000111111011000
001100110011110111101100
001100110110101111111000
001100111001100111111100
001100111100011111111000
001100111111010111101100
001101000010001111011000
001101000101000110111100
001101000111111110010111
001101001010110101101011
001101001101101100110111
001101010000100011111010
001101010011011010110110
001101010110010001101001
001101011001001000010100
001101011011111110110110
001101011110110101010001
001101100001101011100011
001101100100100001101101
001101100111010111101110
001101101010001101100111
001101101101000011010111
001101101111111000111111
001101110010101110011111
001101110101100011110110
001101111000011001000100
001101111011001110001010
001101111110000011001000
001110000000110111111101
001110000011101100101001
001110000110100001001100
001110001001010101100111
001110001100001001111001
001110001110111110000010
001110010001110010000011
001110010100100101111010
001110010111011001101001
001110011010001101001111
001110011101000000101100
001110011111110100000000
001110100010100111001100
001110100101011010001110
001110101000001101000111
001110101010111111110111
001110101101110010011111
001110110000100100111101
001110110011010111010010
001110110110001001011110
001110111000111011100000
001110111011101101011010
001110111110011111001010
001111000001010000110001
001111000100000010001111
001111000110110011100100
001111001001100100101111
001111001100010101110001
001111001111000110101001
001111010001110111011000
001111010100100111111110
001111010111011000011010
001111011010001000101101
001111011100111000110110
001111011111101000110110
001111100010011000101100
001111100101001000011000
001111100111110111111011
001111101010100111010101
001111101101010110100100
001111110000000101101010
001111110010110100100111
001111110101100011011001
001111111000010010000010
001111111011000000100001
001111111101101110110110
010000000000011101000001
010000000011001011000011
010000000101111000111010
010000001000100110101000
010000001011010100001011
010000001110000001100101
010000010000101110110101
010000010011011011111010
010000010110001000110110
010000011000110101100111
010000011011100010001111
010000011110001110101100
010000100000111010111111
010000100011100111001000
010000100110010011000110
010000101000111110111011
010000101011101010100101
010000101110010110000101
010000110001000001011010
010000110011101100100110
010000110110010111100110
010000111001000010011101
010000111011101101001001
010000111110010111101010
010001000001000010000010
010001000011101100001110
010001000110010110010000
010001001001000000001000
010001001011101001110101
010001001110010011010111
010001010000111100101111
010001010011100101111100
010001010110001110111110
010001011000110111110110
010001011011100000100011
010001011110001001000101
010001100000110001011101
010001100011011001101001
010001100110000001101011
010001101000101001100010
010001101011010001001110
010001101101111000110000
010001110000100000000110
010001110011000111010001
010001110101101110010010
010001111000010101000111
010001111010111011110001
010001111101100010010000
010010000000001000100101
010010000010101110101110
010010000101010100101100
010010000111111010011110
010010001010100000000110
010010001101000101100010
010010001111101010110100
010010010010001111111001
010010010100110100110100
010010010111011001100011
010010011001111110000111
010010011100100010100000
010010011111000110101101
010010100001101010101111
010010100100001110100110
010010100110110010010001
010010101001010101110000
010010101011111001000100
010010101110011100001101
010010110000111111001010
010010110011100001111011
010010110110000100100001
010010111000100110111011
010010111011001001001001
010010111101101011001100
010011000000001101000011
010011000010101110101111
010011000101010000001110
010011000111110001100010
010011001010010010101010
010011001100110011100111
010011001111010100010111
010011010001110100111011
010011010100010101010100
010011010110110101100001
010011011001010101100010
010011011011110101010111
010011011110010100111111
010011100000110100011100
010011100011010011101101
010011100101110010110010
010011101000010001101010
010011101010110000010111
010011101101001110110111
010011101111101101001100
010011110010001011010100
010011110100101001010000
010011110111000110111111
010011111001100100100011
010011111100000001111010
010011111110011111000101
010100000000111100000011
010100000011011000110101
010100000101110101011011
010100001000010001110100
010100001010101110000001
010100001101001010000010
010100001111100101110110
010100010010000001011101
010100010100011100111001
010100010110111000000111
010100011001010011001001
010100011011101101111110
010100011110001000100111
010100100000100011000011
010100100010111101010011
010100100101010111010110
010100100111110001001100
010100101010001010110101
010100101100100100010010
010100101110111101100010
010100110001010110100101
010100110011101111011011
010100110110001000000101
010100111000100000100001
010100111010111000110001
010100111101010000110100
010100111111101000101010
010101000010000000010011
010101000100010111101111
010101000110101110111110
010101001001000110000000
010101001011011100110101
010101001101110011011101
010101010000001001110111
010101010010100000000101
010101010100110110000110
010101010111001011111001
010101011001100001011111
010101011011110110111000
010101011110001100000100
010101100000100001000010
010101100010110101110100
010101100101001010011000
010101100111011110101110
010101101001110010111000
010101101100000110110100
010101101110011010100010
010101110000101110000011
010101110011000001010111
010101110101010100011110
010101110111100111010110
010101111001111010000010
010101111100001100100000
010101111110011110110000
010110000000110000110011
010110000011000010101000
010110000101010100001111
010110000111100101101001
010110001001110110110110
010110001100000111110100
010110001110011000100101
010110010000101001001001
010110010010111001011110
010110010101001001100110
010110010111011001100000
010110011001101001001100
010110011011111000101010
010110011110000111111011
010110100000010110111110
010110100010100101110010
010110100100110100011001
010110100111000010110010
010110101001010000111101
010110101011011110111010
010110101101101100101001
010110101111111010001011
010110110010000111011110
010110110100010100100011
010110110110100001011001
010110111000101110000010
010110111010111010011101
010110111101000110101001
010110111111010010101000
010111000001011110011000
010111000011101001111010
010111000101110101001110
010111001000000000010011
010111001010001011001011
010111001100010101110100
010111001110100000001110
010111010000101010011011
010111010010110100011001
010111010100111110001000
010111010111000111101001
010111011001010000111100
010111011011011010000001
010111011101100010110111
010111011111101011011110
010111100001110011110111
010111100011111100000010
010111100110000011111110
010111101000001011101011
010111101010010011001010
010111101100011010011010
010111101110100001011100
010111110000101000001110
010111110010101110110011
010111110100110101001000
010111110110111011001111
010111111001000001001000
010111111011000110110001
010111111101001100001100
010111111111010001011000
011000000001010110010101
011000000011011011000011
011000000101011111100011
011000000111100011110011
011000001001100111110101
011000001011101011101000
011000001101101111001100
011000001111110010100001
011000010001110101100111
011000010011111000011110
011000010101111011000110
011000010111111101011111
011000011001111111101001
011000011100000001100100
011000011110000011010000
011000100000000100101101
011000100010000101111010
011000100100000110111001
011000100110000111101000
011000101000001000001001
011000101010001000011010
011000101100001000011011
011000101110001000001110
011000110000000111110001
011000110010000111000110
011000110100000110001010
011000110110000101000000
011000111000000011100110
011000111010000001111101
011000111100000000000100
011000111101111101111100
011000111111111011100101
011001000001111000111110
011001000011110110001000
011001000101110011000010
011001000111101111101101
011001001001101100001001
011001001011101000010100
011001001101100100010001
011001001111011111111110
011001010001011011011011
011001010011010110101000
011001010101010001100110
011001010111001100010101
011001011001000110110100
011001011011000001000011
011001011100111011000010
011001011110110100110010
011001100000101110010010
011001100010100111100010
011001100100100000100010
011001100110011001010011
011001101000010001110100
011001101010001010000101
011001101100000010000110
011001101101111001111000
011001101111110001011001
011001110001101000101011
011001110011011111101101
011001110101010110011111
011001110111001101000001
011001111001000011010011
011001111010111001010101
011001111100101111000111
011001111110100100101001
011010000000011001111011
011010000010001110111101
011010000100000011101111
011010000101111000010000
011010000111101100100010
011010001001100000100100
011010001011010100010101
011010001101000111110111
011010001110111011001000
011010010000101110001001
011010010010100000111001
011010010100010011011010
011010010110000101101010
011010010111110111101010
011010011001101001011010
011010011011011010111010
011010011101001100001001
011010011110111101001000
011010100000101101110111
011010100010011110010101
011010100100001110100011
011010100101111110100000
011010100111101110001101
011010101001011101101010
011010101011001100110110
011010101100111011110010
011010101110101010011101
011010110000011000111000
011010110010000111000010
011010110011110100111100
011010110101100010100101
011010110111001111111110
011010111000111101000110
011010111010101001111101
011010111100010110100100
011010111110000010111010
011010111111101111000000
011011000001011010110101
011011000011000110011001
011011000100110001101101
011011000110011100110000
011011001000000111100010
011011001001110010000100
011011001011011100010101
011011001101000110010100
011011001110110000000100
011011010000011001100010
011011010010000010110000
011011010011101011101100
011011010101010100011000
011011010110111100110011
011011011000100100111110
011011011010001100110111
011011011011110100011111
011011011101011011110111
011011011111000010111101
011011100000101001110011
011011100010010000010111
011011100011110110101011
011011100101011100101110
011011100111000010011111
011011101000101000000000
011011101010001101001111
011011101011110010001110
011011101101010110111011
011011101110111011010111
011011110000011111100011
011011110010000011011101
011011110011100111000101
011011110101001010011101
011011110110101101100100
011011111000010000011001
011011111001110010111101
011011111011010101010000
011011111100110111010010
011011111110011001000011
011011111111111010100010
011100000001011011110000
011100000010111100101101
011100000100011101011000
011100000101111101110010
011100000111011101111011
011100001000111101110011
011100001010011101011001
011100001011111100101101
011100001101011011110001
011100001110111010100011
011100010000011001000011
011100010001110111010010
011100010011010101010000
011100010100110010111100
011100010110010000010111
011100010111101101100000
011100011001001010011000
011100011010100110111110
011100011100000011010010
011100011101011111010110
011100011110111011000111
011100100000010110100111
011100100001110001110110
011100100011001100110010
011100100100100111011110
011100100110000001110111
011100100111011011111111
011100101000110101110101
011100101010001111011010
011100101011101000101101
011100101101000001101110
011100101110011010011110
011100101111110010111100
011100110001001011001000
011100110010100011000010
011100110011111010101011
011100110101010010000001
011100110110101001000110
011100110111111111111010
011100111001010110011011
011100111010101100101011
011100111100000010101000
011100111101011000010100
011100111110101101101110
011101000000000010110111
011101000001010111101101
011101000010101100010001
011101000100000000100100
011101000101010100100100
011101000110101000010011
011101000111111011110000
011101001001001110111010
011101001010100001110011
011101001011110100011010
011101001101000110101110
011101001110011000110001
011101001111101010100010
011101010000111100000000
011101010010001101001101
011101010011011110000111
011101010100101110110000
011101010101111111000110
011101010111001111001010
011101011000011110111101
011101011001101110011101
011101011010111101101010
011101011100001100100110
011101011101011011010000
011101011110101001100111
011101011111110111101100
011101100001000101011111
011101100010010011000000
011101100011100000001111
011101100100101101001011
011101100101111001110101
011101100111000110001101
011101101000010010010011
011101101001011110000110
011101101010101001100111
011101101011110100110110
011101101100111111110010
011101101110001010011100
011101101111010100110100
011101110000011110111001
011101110001101000101101
011101110010110010001101
011101110011111011011100
011101110101000100010111
011101110110001101000001
011101110111010101011000
011101111000011101011101
011101111001100101001111
011101111010101100101111
011101111011110011111100
011101111100111010110111
011101111110000001100000
011101111111000111110110
011110000000001101111001
011110000001010011101010
011110000010011001001000
011110000011011110010100
011110000100100011001110
011110000101100111110100
011110000110101100001001
011110000111110000001010
011110001000110011111001
011110001001110111010110
011110001010111010100000
011110001011111101010111
011110001100111111111100
011110001110000010001110
011110001111000100001101
011110010000000101111010
011110010001000111010100
011110010010001000011011
011110010011001001010000
011110010100001001110010
011110010101001010000001
011110010110001001111110
011110010111001001101000
011110011000001000111111
011110011001001000000100
011110011010000110110101
011110011011000101010100
011110011100000011100000
011110011101000001011010
011110011101111111000000
011110011110111100010100
011110011111111001010101
011110100000110110000011
011110100001110010011111
011110100010101110100111
011110100011101010011101
011110100100100110000000
011110100101100001010000
011110100110011100001101
011110100111010110110111
011110101000010001001111
011110101001001011010011
011110101010000101000101
011110101010111110100011
011110101011110111101111
011110101100110000101000
011110101101101001001110
011110101110100001100001
011110101111011001100001
011110110000010001001110
011110110001001000101000
011110110001111111101111
011110110010110110100011
011110110011101101000100
011110110100100011010010
011110110101011001001101
011110110110001110110101
011110110111000100001010
011110110111111001001100
011110111000101101111011
011110111001100010010111
011110111010010110100000
011110111011001010010110
011110111011111101111000
011110111100110001001000
011110111101100100000100
011110111110010110101110
011110111111001001000100
011110111111111011000111
011111000000101100110111
011111000001011110010100
011111000010001111011110
011111000011000000010101
011111000011110000111000
011111000100100001001001
011111000101010001000110
011111000110000000110000
011111000110110000000111
011111000111011111001010
011111001000001101111011
011111001000111100011000
011111001001101010100010
011111001010011000011001
011111001011000101111101
011111001011110011001101
011111001100100000001010
011111001101001100110100
011111001101111001001011
011111001110100101001110
011111001111010000111110
011111001111111100011011
011111010000100111100101
011111010001010010011011
011111010001111100111110
011111010010100111001110
011111010011010001001010
011111010011111010110011
011111010100100100001001
011111010101001101001011
011111010101110101111010
011111010110011110010110
011111010111000110011111
011111010111101110010100
011111011000010101110110
011111011000111101000100
011111011001100011111111
011111011010001010100111
011111011010110000111011
011111011011010110111100
011111011011111100101010
011111011100100010000100
011111011101000111001010
011111011101101011111110
011111011110010000011110
011111011110110100101010
011111011111011000100011
011111011111111100001001
011111100000011111011011
011111100001000010011010
011111100001100101000110
011111100010000111011101
011111100010101001100010
011111100011001011010011
011111100011101100110001
011111100100001101111011
011111100100101110110001
011111100101001111010100
011111100101101111100100
011111100110001111100000
011111100110101111001001
011111100111001110011110
011111100111101101100000
011111101000001100001110
011111101000101010101001
011111101001001000110000
011111101001100110100011
011111101010000100000100
011111101010100001010000
011111101010111110001001
011111101011011010101111
011111101011110111000001
011111101100010010111111
011111101100101110101010
011111101101001010000001
011111101101100101000101
011111101101111111110101
011111101110011010010010
011111101110110100011011
011111101111001110010001
011111101111100111110011
011111110000000001000001
011111110000011001111100
011111110000110010100011
011111110001001010110110
011111110001100010110110
011111110001111010100011
011111110010010001111100
011111110010101001000001
011111110010111111110010
011111110011010110010000
011111110011101100011011
011111110100000010010001
011111110100010111110100
011111110100101101000100
011111110101000010000000
011111110101010110101000
011111110101101010111101
011111110101111110111101
011111110110010010101011
011111110110100110000100
011111110110111001001010
011111110111001011111101
011111110111011110011011
011111110111110000100110
011111111000000010011110
011111111000010100000001
011111111000100101010010
011111111000110110001110
011111111001000110110111
011111111001010111001100
011111111001100111001101
011111111001110110111011
011111111010000110010101
011111111010010101011011
011111111010100100001110
011111111010110010101100
011111111011000000111000
011111111011001110101111
011111111011011100010011
011111111011101001100011
011111111011110110100000
011111111100000011001001
011111111100001111011110
011111111100011011011111
011111111100100111001101
011111111100110010100111
011111111100111101101101
011111111101001000011111
011111111101010010111110
011111111101011101001001
011111111101100111000001
011111111101110000100100
011111111101111001110100
011111111110000010110001
011111111110001011011001
011111111110010011101110
011111111110011011101111
011111111110100011011100
011111111110101010110110
011111111110110001111100
011111111110111000101110
011111111110111111001101
011111111111000101010111
011111111111001011001110
011111111111010000110010
011111111111010110000001
011111111111011010111101
011111111111011111100101
011111111111100011111001
011111111111100111111010
011111111111101011100111
011111111111101111000000
011111111111110010000101
011111111111110100110111
011111111111110111010101
011111111111111001011111
011111111111111011010101
011111111111111100111000
011111111111111110000111
011111111111111111000010
011111111111111111101010
011111111111111111111110
