6434
19302
32170
45038
57905
70773
83640
96508
109375
122241
135108
147974
160840
173705
186570
199435
212299
225162
238025
250888
263750
276611
289472
302332
315191
328049
340907
353764
366620
379475
392330
405183
418036
430887
443737
456587
469435
482282
495129
507974
520817
533660
546501
559341
572180
585017
597853
610687
623521
636352
649182
662011
674838
687663
700487
713309
726130
738949
751766
764581
777395
790206
803016
815824
828630
841434
854236
867036
879834
892630
905424
918216
931005
943793
956578
969361
982141
994920
1007696
1020469
1033240
1046009
1058775
1071539
1084300
1097059
1109815
1122569
1135320
1148068
1160814
1173556
1186296
1199034
1211768
1224500
1237228
1249954
1262677
1275397
1288114
1300827
1313538
1326246
1338950
1351652
1364350
1377045
1389737
1402425
1415111
1427792
1440471
1453146
1465818
1478486
1491151
1503812
1516470
1529124
1541775
1554421
1567065
1579704
1592340
1604972
1617601
1630225
1642846
1655463
1668076
1680685
1693290
1705891
1718488
1731081
1743670
1756255
1768835
1781412
1793984
1806553
1819116
1831676
1844231
1856782
1869329
1881871
1894409
1906942
1919471
1931995
1944515
1957030
1969541
1982047
1994548
2007045
2019536
2032023
2044506
2056983
2069456
2081924
2094387
2106845
2119298
2131746
2144189
2156627
2169060
2181487
2193910
2206328
2218740
2231147
2243549
2255945
2268337
2280722
2293103
2305478
2317848
2330212
2342571
2354924
2367272
2379614
2391951
2404282
2416607
2428926
2441240
2453548
2465851
2478147
2490438
2502723
2515002
2527275
2539542
2551803
2564058
2576307
2588550
2600787
2613018
2625243
2637461
2649674
2661880
2674079
2686273
2698460
2710641
2722815
2734983
2747145
2759300
2771449
2783591
2795726
2807855
2819978
2832094
2844203
2856305
2868401
2880490
2892572
2904647
2916716
2928777
2940832
2952880
2964921
2976955
2988982
3001001
3013014
3025020
3037019
3049010
3060994
3072971
3084941
3096904
3108859
3120807
3132748
3144681
3156607
3168525
3180436
3192340
3204236
3216124
3228005
3239878
3251744
3263602
3275452
3287295
3299130
3310957
3322776
3334588
3346391
3358187
3369975
3381755
3393527
3405291
3417047
3428795
3440535
3452267
3463990
3475706
3487413
3499112
3510803
3522486
3534160
3545826
3557484
3569133
3580774
3592407
3604031
3615646
3627254
3638852
3650442
3662023
3673596
3685160
3696716
3708262
3719800
3731330
3742850
3754362
3765865
3777359
3788844
3800320
3811787
3823245
3834695
3846135
3857566
3868988
3880401
3891805
3903200
3914585
3925962
3937329
3948687
3960035
3971374
3982704
3994025
4005336
4016637
4027930
4039212
4050486
4061749
4073003
4084248
4095483
4106708
4117924
4129130
4140326
4151513
4162689
4173856
4185013
4196161
4207298
4218426
4229543
4240651
4251748
4262836
4273914
4284981
4296039
4307086
4318123
4329150
4340167
4351174
4362170
4373156
4384132
4395098
4406053
4416998
4427932
4438856
4449770
4460673
4471566
4482448
4493319
4504180
4515031
4525870
4536699
4547518
4558326
4569123
4579909
4590684
4601449
4612203
4622946
4633678
4644399
4655109
4665809
4676497
4687174
4697841
4708496
4719140
4729773
4740395
4751006
4761605
4772194
4782771
4793337
4803892
4814435
4824967
4835488
4845997
4856495
4866981
4877456
4887920
4898372
4908812
4919241
4929658
4940064
4950458
4960841
4971212
4981571
4991918
5002254
5012578
5022890
5033190
5043478
5053755
5064020
5074272
5084513
5094742
5104959
5115164
5125356
5135537
5145706
5155862
5166007
5176139
5186259
5196367
5206463
5216546
5226617
5236676
5246722
5256757
5266778
5276788
5286785
5296769
5306741
5316701
5326648
5336582
5346504
5356414
5366311
5376195
5386066
5395925
5405771
5415605
5425425
5435233
5445028
5454811
5464580
5474337
5484081
5493811
5503529
5513234
5522926
5532605
5542271
5551924
5561564
5571191
5580804
5590405
5599992
5609566
5619127
5628675
5638210
5647731
5657239
5666734
5676215
5685683
5695138
5704579
5714006
5723421
5732822
5742209
5751583
5760943
5770290
5779623
5788943
5798249
5807541
5816820
5826085
5835336
5844573
5853797
5863007
5872203
5881386
5890554
5899709
5908850
5917977
5927090
5936189
5945274
5954345
5963402
5972445
5981474
5990489
5999490
6008476
6017449
6026407
6035351
6044281
6053197
6062099
6070986
6079859
6088718
6097562
6106392
6115208
6124009
6132796
6141568
6150326
6159069
6167798
6176513
6185213
6193898
6202569
6211225
6219867
6228494
6237106
6245704
6254287
6262855
6271408
6279947
6288471
6296980
6305474
6313954
6322419
6330868
6339303
6347723
6356128
6364518
6372893
6381253
6389598
6397928
6406243
6414543
6422828
6431098
6439352
6447592
6455816
6464025
6472219
6480397
6488561
6496709
6504842
6512959
6521061
6529148
6537219
6545276
6553316
6561341
6569351
6577346
6585324
6593288
6601236
6609168
6617085
6624986
6632872
6640742
6648596
6656435
6664258
6672065
6679857
6687633
6695393
6703138
6710866
6718579
6726276
6733958
6741623
6749273
6756906
6764524
6772126
6779712
6787282
6794836
6802374
6809896
6817402
6824892
6832366
6839824
6847265
6854691
6862100
6869494
6876871
6884232
6891577
6898905
6906218
6913514
6920793
6928057
6935304
6942535
6949750
6956948
6964130
6971295
6978444
6985577
6992693
6999793
7006876
7013943
7020993
7028027
7035044
7042045
7049029
7055996
7062947
7069882
7076799
7083700
7090585
7097452
7104303
7111137
7117955
7124756
7131540
7138307
7145057
7151791
7158508
7165207
7171891
7178557
7185206
7191838
7198454
7205052
7211634
7218199
7224746
7231277
7237790
7244287
7250766
7257229
7263674
7270102
7276514
7282908
7289285
7295644
7301987
7308312
7314621
7320912
7327185
7333442
7339681
7345903
7352108
7358295
7364465
7370618
7376754
7382872
7388972
7395056
7401122
7407170
7413201
7419215
7425211
7431190
7437151
7443095
7449021
7454930
7460821
7466694
7472550
7478389
7484209
7490013
7495798
7501566
7507316
7513049
7518764
7524461
7530141
7535803
7541447
7547073
7552682
7558273
7563846
7569401
7574938
7580458
7585960
7591443
7596910
7602358
7607788
7613200
7618595
7623971
7629330
7634671
7639993
7645298
7650585
7655853
7661104
7666337
7671551
7676748
7681927
7687087
7692229
7697354
7702460
7707548
7712618
7717669
7722703
7727718
7732715
7737694
7742655
7747598
7752522
7757428
7762316
7767186
7772037
7776870
7781685
7786481
7791259
7796019
7800761
7805484
7810188
7814875
7819543
7824192
7828823
7833436
7838030
7842606
7847163
7851702
7856223
7860725
7865208
7869673
7874119
7878547
7882957
7887347
7891720
7896073
7900408
7904725
7909023
7913302
7917563
7921805
7926028
7930233
7934419
7938586
7942735
7946865
7950976
7955069
7959143
7963198
7967235
7971252
7975251
7979231
7983193
7987135
7991059
7994964
7998850
8002718
8006566
8010396
8014207
8017999
8021772
8025526
8029262
8032978
8036676
8040354
8044014
8047655
8051277
8054880
8058464
8062029
8065575
8069102
8072610
8076099
8079569
8083020
8086452
8089865
8093259
8096634
8099990
8103327
8106645
8109943
8113223
8116484
8119725
8122947
8126150
8129334
8132499
8135645
8138772
8141879
8144968
8148037
8151087
8154118
8157129
8160122
8163095
8166049
8168984
8171900
8174796
8177673
8180531
8183370
8186189
8188989
8191770
8194532
8197274
8199997
8202701
8205385
8208050
8210696
8213322
8215929
8218517
8221086
8223635
8226165
8228675
8231166
8233638
8236090
8238523
8240937
8243331
8245705
8248061
8250397
8252713
8255010
8257288
8259546
8261785
8264005
8266204
8268385
8270546
8272688
8274810
8276912
8278995
8281059
8283103
8285128
8287133
8289119
8291085
8293032
8294959
8296866
8298755
8300623
8302472
8304302
8306112
8307902
8309673
8311424
8313156
8314868
8316561
8318234
8319888
8321522
8323136
8324731
8326306
8327861
8329397
8330914
8332411
8333888
8335345
8336783
8338202
8339600
8340979
8342339
8343679
8344999
8346300
8347580
8348842
8350083
8351305
8352508
8353690
8354853
8355997
8357120
8358225
8359309
8360374
8361419
8362444
8363450
8364436
8365402
8366349
8367275
8368183
8369070
8369938
8370786
8371615
8372424
8373213
8373982
8374732
8375462
8376172
8376862
8377533
8378184
8378816
8379427
8380019
8380592
8381144
8381677
8382190
8382683
8383157
8383611
8384045
8384460
8384854
8385229
8385585
8385920
8386236
8386532
8386808
8387065
8387302
8387519
8387716
8387894
8388052
8388190
8388308
8388407
8388486
8388545
8388585
8388605